1683154124
1683154139
1683154142
1683154146
1683154181
1683154184
1683154209
1683154222
1683154231
1683154266
1683154280
1683154281
1683154284
1683154307
1683154370
1683154403
1683154413
1683154437
1683154438
1683154439
1683154440
1683154441
1683154442
1683154471
1683154546
1683154548
1683154549
1683154551
1683154552
1683154554
1683154555
1683154556
1683154558
1683154560
1683154562
1683154563
1683154564
1683154566
1683154572
1683154573
1683154575
1683154577
1683154578
1683154580
1683154581
1683154583
1683154584
1683154586
1683154594
1683154610
1683154612
1683154613
1683154614
1683154616
1683154618
1683154620
1683154623
1683154628
1683154630
1683154631
1683154632
1683154634
1683154635
1683154637
1683154638
1683154639
1683154641
1683154642
1683154731
1683154738
1683154740
1683154831
1683154833
1683154834
1683154836
1683154837
1683154839
